#CO Params
CO:
  D: 11.230139012256362
  beta: 2.3281
  r0: 1.1282058129221093
  Acc: 361.367206403597
  Aoo: 6370.185468304371
  Aco: 1516.76265699823
  Bcc: 2.8345891887553925
  Boo: 4.2518837831330885
  Bco: 3.5432364859442407
  Ccc: -33.44955570065988
  Coo: -10.546349734130885
  Cco: -15.189133724736946
  Qc: -1.7835026375774934
  Qo: -2.333732174702465
  alphaC: 3.843702939952312
  alphaO: 2.131611069944055
  wO: 0.57135
  wC: 0.42865

#H2O-H2O Params
H2O:
  D: 4.48339
  beta: 2.287
  K: 1.16123e-3
  theta0: 107.4
  Qh: 2.111363547974718
  Qm: -2.111363547974718
  r0: 0.9419
  d: 0.13194
  Eoo: 8.03e-3
  SIGoo: 3.1644

H2O-CO:
  Ach: 677.23
  Aoh: 537.70
  Aco: 427.92
  Aoo: 6.8674e7
  Bch: 4.5056
  Boh: 4.5505
  Bco: 2.7252
  Boo: 8.0222
  Cch: 1.9421
  Coh: 1.2903e-3
  Cco: 70.378
  Coo: 1.8897
